.Random.seed <-
c(10403L, 10L, -76477266L, -2043912952L, 378682123L, 144938473L, 
1365066424L, -1022491290L, -1330110975L, 2144397459L, -396709054L, 
-1790718732L, 1918032119L, 970805485L, -910879868L, 243387818L, 
51589909L, 1540903343L, 904057270L, -962353184L, 1957652259L, 
-217311167L, 1489154864L, -343115442L, -787362887L, 1865637323L, 
1684786810L, 685515644L, 1477864383L, 1919980693L, -36259156L, 
-1890617214L, 1517901917L, 52678487L, 243814974L, 367842936L, 
-793578149L, -1316653895L, 155753736L, 1739939766L, -1251588879L, 
-2097855709L, 869504370L, 938323908L, -243475577L, -1631983267L, 
-452409516L, 1442463098L, -1787565883L, -933660129L, -919949914L, 
-1844265168L, -1033996845L, 63382513L, -879094496L, -1013824578L, 
-959493175L, -211276933L, -2145609398L, 888255916L, 1998086319L, 
-374465947L, -59203044L, 513186930L, -1610423571L, 660483879L, 
-787199154L, -1620933720L, 303392683L, -1219963703L, -1051441960L, 
-984958586L, -901443487L, 1007190515L, 383127650L, 1026418388L, 
1130356695L, 270609869L, 286542180L, 739335498L, -9839435L, -98104305L, 
1756390678L, 9453504L, -2023900285L, -2103174751L, -1244854896L, 
212620910L, 584871961L, -2063086421L, -2065485670L, 764325980L, 
1906572639L, -486934731L, -290010420L, 1429588002L, 1254490749L, 
1730291575L, 1525217438L, -1668364456L, 1351709371L, 117341273L, 
-1788885016L, 43545110L, -1751370351L, -1872392637L, -824312494L, 
1911857636L, -904855513L, 1167002749L, 1702572404L, 1055849818L, 
-565339227L, -1472091201L, -964118458L, -492685616L, -452255501L, 
-869231087L, 1201672256L, 1557025822L, 1276936937L, 1883723803L, 
1542180906L, -447532212L, 1483096335L, -889203643L, -642443780L, 
1303475282L, 919639501L, 1121986439L, 1666724462L, -543055288L, 
620188747L, 416843177L, 1996175608L, 1146305574L, -424379071L, 
291842771L, 2113213058L, -1323960140L, 943814711L, 202345261L, 
-1125171132L, -1703342742L, -415442475L, 727084911L, 1171256950L, 
1163180448L, 1306328675L, 1848207105L, -1133791632L, -1914416626L, 
-2106074503L, -1851685365L, 320436026L, -1217843652L, -1929177729L, 
-873826603L, 1241036524L, -1329600446L, -229470307L, -2013676009L, 
-1964481666L, 616780088L, 866713115L, -180560007L, 100846024L, 
1084978678L, -2128480207L, -2090487197L, 455052850L, -1151878268L, 
-1361880633L, -334499683L, -526432236L, 1649589946L, 1357221637L, 
-1801454369L, 445353318L, -1744459536L, 480242707L, -1000250959L, 
-1612710816L, -920806914L, -1346716279L, 940899003L, -402995574L, 
-398552724L, 164333295L, 1299841317L, 1863679964L, -498250318L, 
-1736377171L, -1115890585L, -505724018L, 651347048L, 314646635L, 
947325449L, 1216533656L, 469477318L, -1236518111L, 362862515L, 
1206615842L, -1528688364L, 2108809623L, 4096397L, -1294473052L, 
-1777253750L, 1513322741L, -552554673L, -1694492586L, -780516608L, 
1018992195L, 1830915553L, -623363760L, -1375875154L, -532322983L, 
-1224555669L, 802800346L, -188976228L, 1019285407L, -1542334987L, 
127842444L, 883800418L, -1237486275L, 1416385975L, 1313833566L, 
-2115984488L, 1728776955L, 464014944L, -296262004L, -1482500256L, 
1713926882L, -811900760L, -1818125108L, 145031676L, 951359410L, 
1952283120L, -2075535932L, -1428688040L, 862453626L, 1388176816L, 
1782549948L, -1884558252L, 407551938L, -1378150624L, -1421519940L, 
-586052016L, -1387525662L, -1977850520L, -1344273076L, 1093934332L, 
1611272946L, -733992192L, 2056674932L, -1441178616L, 1814079930L, 
844458960L, -864385556L, -1896255596L, 258285266L, -379688352L, 
2018489676L, 850284832L, -650111358L, -1643674136L, 1553542124L, 
884296252L, -1941576078L, -873374864L, 29096228L, 1410898488L, 
-2107221606L, 400678352L, 374189500L, 291873940L, -1452769150L, 
1233040832L, -1100171460L, 1412941968L, 264403746L, 739209736L, 
-2084093684L, 137349532L, -1855706606L, 2014076800L, 5935892L, 
-357725912L, -349401030L, 144618448L, 1506731628L, 1663107636L, 
278644370L, 672378208L, -708386484L, -1970203680L, -553541214L, 
728269224L, -438231412L, 1421338044L, 568615538L, -300016656L, 
822839876L, -1064349608L, 697525306L, -2090779536L, 815752252L, 
908356884L, -202173758L, -226310432L, 1530121340L, 1999876816L, 
-1700847198L, 226669608L, 251246348L, -414337604L, -497875150L, 
1161645760L, 1988827188L, -1110020408L, -1850632006L, 428139152L, 
35358444L, -1423105452L, 179060370L, -1881139936L, -1562051124L, 
-1828213024L, 1310350530L, 413633576L, 2118206380L, 1035585212L, 
-608126990L, 658203184L, 1192426404L, 273823160L, 1005680474L, 
-826074992L, 1451280252L, 874206484L, -976948926L, 1273347328L, 
-672759364L, 1623248208L, -1650640606L, -142261688L, 1842695180L, 
-538377636L, 685307346L, -1013367296L, -510316204L, -1549003544L, 
-367904518L, 1626792656L, 995233580L, -1825215244L, 575358354L, 
-2061690528L, -1572780020L, -558176032L, 347727458L, -1876250456L, 
624044108L, 1116501884L, 620793138L, -499941776L, -535304380L, 
-1156903976L, 1654640506L, 1152504880L, -1392861252L, 1452481108L, 
1762115650L, -1396910432L, 739830460L, -1851344944L, 1124194658L, 
483228392L, -994773812L, 1873807868L, -455532046L, -804331392L, 
-802087436L, 1677802120L, -1437239494L, -1442010800L, -266606484L, 
2094941588L, -841974702L, 1467204064L, 1463230668L, -589501792L, 
-273555070L, -1320987416L, 1967405804L, 2129256764L, -102785934L, 
-1419116944L, -1850603996L, 1977749560L, -549694182L, 2094895312L, 
162069820L, -105455724L, -1864702078L, -896229440L, -979145156L, 
-119090800L, -1055325150L, 586383624L, -1799416692L, 2138964764L, 
2071937170L, 1360220544L, -2045334508L, -1374460120L, 2138943034L, 
-717815344L, -959016596L, 376270772L, -1804999150L, 213857248L, 
1732384204L, -1500994336L, 2034546722L, -652820696L, 1674855948L, 
1641913148L, 311303154L, -201714960L, -299949500L, -15436200L, 
1535778618L, 1370897392L, -1779495236L, -343143148L, -1434767166L, 
1608336480L, -12955268L, -1190182960L, 910764322L, 607936168L, 
-1153367156L, 786621628L, -117037262L, -351464896L, -836866892L, 
-347716536L, -1878908486L, -181948912L, 1549445356L, 1149141332L, 
1444257554L, -1573808736L, -1136481588L, -1601370528L, 1871246139L, 
1383044748L, -1670636774L, -1907020401L, -2016091431L, 2031426926L, 
1695645948L, -458986899L, 1761760791L, 399406048L, -1519624258L, 
-409440885L, 1332534797L, -1889185222L, -491791752L, -1207332319L, 
-132223789L, 3111924L, -1369772926L, 1047557399L, -322157599L, 
2076468518L, 1694876708L, -439927083L, -1536165249L, -1225532648L, 
-2080849354L, -1445280573L, 1396054277L, 1765732514L, -1142065520L, 
-921923015L, -1535243541L, -384279588L, 416701962L, 710664447L, 
-324020919L, -401594658L, 1908599948L, 263863389L, -661781913L, 
-1255879792L, 575078318L, 1631264347L, 1549808189L, -814992214L, 
817534280L, 1467951473L, 136601315L, 2038830564L, 332241170L, 
-1110305561L, 1230434993L, 1847691510L, 812426004L, 1820437541L, 
1823152431L, -697606424L, -215348282L, 1681116787L, 1581285589L, 
-884127054L, 166855296L, -1960328599L, 602748635L, 1749574188L, 
-1991853510L, 925107439L, 1806546809L, 1685007374L, 772096476L, 
-1893051827L, -780205641L, -1587699904L, -1247992290L, -1769238293L, 
-773291923L, -77477670L, 2090428568L, 1388982017L, -495569741L, 
-184795180L, 138816226L, 1635842935L, 716064449L, -842244538L, 
-1659936380L, 1540980533L, 821763359L, -630074248L, -37564074L, 
1431265251L, 544401829L, -388064190L, -1125653968L, -1977505191L, 
-1721271349L, 1642892348L, -1902235030L, -898781025L, 731232553L, 
-1481667138L, 375962796L, 919177725L, 1869287751L, -270874064L, 
257026894L, -2053386373L, -2110277411L, -1545785078L, 798155816L, 
1622325393L, 1455041667L, 1065360772L, 2057960370L, 1887036679L, 
-1202503855L, -454521130L, -59435084L, -1227745339L, -834550001L, 
1827255688L, -1743175514L, 718336083L, 1195383221L, -236269806L, 
-103664416L, -913475255L, -1113865349L, 207814220L, -1110241318L, 
-1367913009L, -2142110823L, -58250322L, 1875660988L, -634607315L, 
-1716905257L, 1367753504L, -430599042L, -921683381L, 511658061L, 
1678804602L, 681717432L, -234083231L, -1982194157L, -2128440268L, 
